BODY

body1: 1:0.68664
body2: 1:0.67557
body3: 1: 0.683
body4: 1: 0.676

FURNITURE

chairHorizon: 1: 0.8053
chairSpooky: 1: 1.1713

ROOM

roomFront: 1: 0.75
roomSide: 1: 0.7695
roomTop: 1: 0.7019


MISC
giraffeMachine: 1:1.00900
alphabet: 1:0.73489
buddhaMichelle: 1: 0.7329
strangeTeapot: 1: 0.73374
